0 [0 hueco 2000] 
1 [0 hueco 2000] 
2 [0 hueco 2000] 
3 [0 hueco 2000] 
4 [0 hueco 2000] 
5 [0 hueco 2000] 
6 [0 hueco 2000] 
7 [0 hueco 2000] 
8 [0 hueco 2000] 
9 [0 hueco 2000] 
10 [0 p1 100] [100 hueco 1900] 
11 [0 p1 100] [100 hueco 1900] 
12 [0 p1 100] [100 hueco 1900] 
13 [0 p1 100] [100 hueco 1900] 
14 [0 p1 100] [100 hueco 1900] 
15 [0 p1 100] [100 hueco 1900] 
16 [0 p1 100] [100 hueco 1900] 
17 [0 p1 100] [100 hueco 1900] 
18 [0 p1 100] [100 hueco 1900] 
19 [0 p1 100] [100 hueco 1900] 
20 [0 p1 100] [100 hueco 1900] 
21 [0 p1 100] [100 hueco 1900] 
22 [0 p1 100] [100 hueco 1900] 
23 [0 p1 100] [100 hueco 1900] 
24 [0 p1 100] [100 hueco 1900] 
25 [0 p1 100] [100 hueco 1900] 
26 [0 p1 100] [100 hueco 1900] 
27 [0 p1 100] [100 hueco 1900] 
28 [0 p1 100] [100 hueco 1900] 
29 [0 p1 100] [100 hueco 1900] 
30 [0 p1 100] [100 hueco 1900] 
31 [0 p1 100] [100 hueco 1900] 
32 [0 p1 100] [100 hueco 1900] 
33 [0 p1 100] [100 hueco 1900] 
34 [0 p1 100] [100 hueco 1900] 
35 [0 p1 100] [100 hueco 1900] 
36 [0 p1 100] [100 hueco 1900] 
37 [0 p1 100] [100 hueco 1900] 
38 [0 p1 100] [100 hueco 1900] 
39 [0 p1 100] [100 hueco 1900] 
40 [0 p1 100] [100 hueco 1900] 
41 [0 p1 100] [100 hueco 1900] 
42 [0 p1 100] [100 hueco 1900] 
43 [0 p1 100] [100 hueco 1900] 
44 [0 p1 100] [100 hueco 1900] 
45 [0 p1 100] [100 hueco 1900] 
46 [0 p1 100] [100 hueco 1900] 
47 [0 p1 100] [100 hueco 1900] 
48 [0 p1 100] [100 hueco 1900] 
49 [0 p1 100] [100 hueco 1900] 
50 [0 p1 100] [100 hueco 1900] 
51 [0 p1 100] [100 hueco 1900] 
52 [0 p1 100] [100 hueco 1900] 
53 [0 p1 100] [100 hueco 1900] 
54 [0 p1 100] [100 hueco 1900] 
55 [0 p1 100] [100 hueco 1900] 
56 [0 p1 100] [100 hueco 1900] 
57 [0 p1 100] [100 hueco 1900] 
58 [0 p1 100] [100 hueco 1900] 
59 [0 p1 100] [100 hueco 1900] 
60 [0 p1 100] [100 hueco 1900] 
61 [0 p1 100] [100 hueco 1900] 
62 [0 p1 100] [100 hueco 1900] 
63 [0 p1 100] [100 hueco 1900] 
64 [0 p1 100] [100 hueco 1900] 
65 [0 p1 100] [100 hueco 1900] 
66 [0 p1 100] [100 hueco 1900] 
67 [0 p1 100] [100 hueco 1900] 
68 [0 p1 100] [100 hueco 1900] 
69 [0 p1 100] [100 hueco 1900] 
70 [0 p1 100] [100 hueco 1900] 
71 [0 p1 100] [100 hueco 1900] 
72 [0 p1 100] [100 hueco 1900] 
73 [0 p1 100] [100 hueco 1900] 
74 [0 p1 100] [100 hueco 1900] 
75 [0 p1 100] [100 hueco 1900] 
76 [0 p1 100] [100 hueco 1900] 
77 [0 p1 100] [100 hueco 1900] 
78 [0 p1 100] [100 hueco 1900] 
79 [0 p1 100] [100 hueco 1900] 
80 [0 p1 100] [100 hueco 1900] 
81 [0 p1 100] [100 hueco 1900] 
82 [0 p1 100] [100 hueco 1900] 
83 [0 p1 100] [100 hueco 1900] 
84 [0 p1 100] [100 hueco 1900] 
85 [0 p1 100] [100 hueco 1900] 
86 [0 p1 100] [100 hueco 1900] 
87 [0 p1 100] [100 hueco 1900] 
88 [0 p1 100] [100 hueco 1900] 
89 [0 p1 100] [100 hueco 1900] 
90 [0 p1 100] [100 hueco 1900] 
91 [0 p1 100] [100 hueco 1900] 
92 [0 p1 100] [100 hueco 1900] 
93 [0 p1 100] [100 hueco 1900] 
94 [0 p1 100] [100 hueco 1900] 
95 [0 p1 100] [100 hueco 1900] 
96 [0 p1 100] [100 hueco 1900] 
97 [0 p1 100] [100 hueco 1900] 
98 [0 p1 100] [100 hueco 1900] 
99 [0 p1 100] [100 hueco 1900] 
100 [0 p1 100] [100 hueco 1900] 
101 [0 p1 100] [100 hueco 1900] 
102 [0 p1 100] [100 hueco 1900] 
103 [0 p1 100] [100 hueco 1900] 
104 [0 p1 100] [100 hueco 1900] 
105 [0 p1 100] [100 hueco 1900] 
106 [0 p1 100] [100 hueco 1900] 
107 [0 p1 100] [100 hueco 1900] 
108 [0 p1 100] [100 hueco 1900] 
109 [0 p1 100] [100 hueco 1900] 
110 [0 p1 100] [100 hueco 1900] 
111 [0 p1 100] [100 hueco 1900] 
112 [0 p1 100] [100 hueco 1900] 
113 [0 p1 100] [100 hueco 1900] 
114 [0 p1 100] [100 hueco 1900] 
115 [0 p1 100] [100 hueco 1900] 
116 [0 p1 100] [100 hueco 1900] 
117 [0 p1 100] [100 hueco 1900] 
118 [0 p1 100] [100 hueco 1900] 
119 [0 p1 100] [100 hueco 1900] 
120 [0 p1 100] [100 hueco 1900] 
121 [0 p1 100] [100 hueco 1900] 
122 [0 p1 100] [100 hueco 1900] 
123 [0 p1 100] [100 hueco 1900] 
124 [0 p1 100] [100 hueco 1900] 
125 [0 p1 100] [100 hueco 1900] 
126 [0 p1 100] [100 hueco 1900] 
127 [0 p1 100] [100 hueco 1900] 
128 [0 p1 100] [100 hueco 1900] 
129 [0 p1 100] [100 hueco 1900] 
130 [0 p1 100] [100 hueco 1900] 
131 [0 p1 100] [100 hueco 1900] 
132 [0 p1 100] [100 hueco 1900] 
133 [0 p1 100] [100 hueco 1900] 
134 [0 p1 100] [100 hueco 1900] 
135 [0 p1 100] [100 hueco 1900] 
136 [0 p1 100] [100 hueco 1900] 
137 [0 p1 100] [100 hueco 1900] 
138 [0 p1 100] [100 hueco 1900] 
139 [0 p1 100] [100 hueco 1900] 
140 [0 p1 100] [100 hueco 1900] 
141 [0 p1 100] [100 hueco 1900] 
142 [0 p1 100] [100 hueco 1900] 
143 [0 p1 100] [100 hueco 1900] 
144 [0 p1 100] [100 hueco 1900] 
145 [0 p1 100] [100 hueco 1900] 
146 [0 p1 100] [100 hueco 1900] 
147 [0 p1 100] [100 hueco 1900] 
148 [0 p1 100] [100 hueco 1900] 
149 [0 p1 100] [100 hueco 1900] 
150 [0 p1 100] [100 hueco 1900] 
151 [0 p1 100] [100 hueco 1900] 
152 [0 p1 100] [100 hueco 1900] 
153 [0 p1 100] [100 hueco 1900] 
154 [0 p1 100] [100 hueco 1900] 
155 [0 p1 100] [100 hueco 1900] 
156 [0 p1 100] [100 hueco 1900] 
157 [0 p1 100] [100 hueco 1900] 
158 [0 p1 100] [100 hueco 1900] 
159 [0 p1 100] [100 hueco 1900] 
160 [0 hueco 2000] 
